{'ADV': {'ADV': 0.09687116633166723,
  'phi': 0.09134984478549006,
  'ADJ': 0.009678576890906919,
  'ADP': 0.015501734619157492,
  'X': 0.00722550578034682,
  'NOUN': 0.026477913589956454,
  '.': 0.0703268585367988,
  'CONJ': 0.0913261186400692,
  'VERB': 0.10325325270465596,
  'PRON': 0.054025017738044565,
  'PRT': 0.03618377263581489,
  'DET': 0.017518121035612882,
  'NUM': 0.02048128295254833},
 'ADJ': {'ADV': 0.13635959551041463,
  'phi': 0.03433903208929194,
  'ADJ': 0.05693631377703429,
  'ADP': 0.08262755840782549,
  'X': 0.0028902456647398843,
  'NOUN': 0.012936747571401523,
  '.': 0.046611097619672706,
  'CONJ': 0.11198196807255761,
  'VERB': 0.05754237714072972,
  'PRON': 0.009487321859352511,
  'PRT': 0.01891348423876593,
  'DET': 0.23975007554689384,
  'NUM': 0.059618771123428414},
 'ADP': {'ADV': 0.14192710827300378,
  'phi': 0.12284618242064876,
  'ADJ': 0.08850519894850042,
  'ADP': 0.020302850965058926,
  'X': 0.053468280346820815,
  'NOUN': 0.24513552125660856,
  '.': 0.10528791568215631,
  'CONJ': 0.07329156989698289,
  'VERB': 0.1693147480399457,
  'PRON': 0.055808958219303054,
  'PRT': 0.09074447015425889,
  'DET': 0.009072927204910913,
  'NUM': 0.13181020008111397},